thermal_intrinsic: [767.94273, 767.06879, 317.24475, 231.64493]
thermal_distortion: [-0.50404, 0.26894, 0.00345, -0.00075, 0.00000]
